2
286570.1 100. 100. 100. 90. 90. 90.
He 1   0 0 0 0
He 2 0.529177 0 0 0
2
173854.3 100. 100. 100. 90. 90. 90.
He 1   0 0 0 0
He 2 0.66147125 0 0 0
2
104342.9 100. 100. 100. 90. 90. 90.
He 1   0 0 0 0
He 2 0.7937655 0 0 0
2
61787.46 100. 100. 100. 90. 90. 90.
He 1   0 0 0 0
He 2 0.92605975 0 0 0
2
36150.54 100. 100. 100. 90. 90. 90.
He 1   0 0 0 0
He 2 1.058354 0 0 0
2
20911.15 100. 100. 100. 90. 90. 90.
He 1   0 0 0 0
He 2 1.19064825 0 0 0
2
11961.89 100. 100. 100. 90. 90. 90.
He 1   0 0 0 0
He 2 1.3229425 0 0 0
2
6759.997 100. 100. 100. 90. 90. 90.
He 1   0 0 0 0
He 2 1.45523675 0 0 0
2
3768.146 100. 100. 100. 90. 90. 90.
He 1   0 0 0 0
He 2 1.587531 0 0 0
2
2066.629 100. 100. 100. 90. 90. 90.
He 1   0 0 0 0
He 2 1.71982525 0 0 0
2
1110.646 100. 100. 100. 90. 90. 90.
He 1   0 0 0 0
He 2 1.8521195 0 0 0
2
581.1617 100. 100. 100. 90. 90. 90.
He 1   0 0 0 0
He 2 1.98441375 0 0 0
2
292.6337 100. 100. 100. 90. 90. 90.
He 1   0 0 0 0
He 2 2.116708 0 0 0
2
138.5165 100. 100. 100. 90. 90. 90.
He 1   0 0 0 0
He 2 2.24900225 0 0 0
2
58.4111 100. 100. 100. 90. 90. 90.
He 1   0 0 0 0
He 2 2.3812965 0 0 0
2
18.3547 100. 100. 100. 90. 90. 90.
He 1   0 0 0 0
He 2 2.51359075 0 0 0
2
-0.4774 100. 100. 100. 90. 90. 90.
He 1   0 0 0 0
He 2 2.645885 0 0 0
2
-8.3667 100. 100. 100. 90. 90. 90.
He 1   0 0 0 0
He 2 2.77817925 0 0 0
2
-10.8336 100. 100. 100. 90. 90. 90.
He 1   0 0 0 0
He 2 2.9104735 0 0 0
2
-11.0085 100. 100. 100. 90. 90. 90.
He 1   0 0 0 0
He 2 2.9633912 0 0 0
2
-10.7796 100. 100. 100. 90. 90. 90.
He 1   0 0 0 0
He 2 3.04276775 0 0 0
2
-9.6869 100. 100. 100. 90. 90. 90.
He 1   0 0 0 0
He 2 3.175062 0 0 0
2
-8.2821 100. 100. 100. 90. 90. 90.
He 1   0 0 0 0
He 2 3.30735625 0 0 0
2
-6.8976 100. 100. 100. 90. 90. 90.
He 1   0 0 0 0
He 2 3.4396505 0 0 0
2
-4.6257 100. 100. 100. 90. 90. 90.
He 1   0 0 0 0
He 2 3.704239 0 0 0
2
-2.0684 100. 100. 100. 90. 90. 90.
He 1   0 0 0 0
He 2 4.233416 0 0 0
